ID	name	species	sex	cc	cp	maT	apodeme	sp.number	sex.number	csize	sqapodeme	center.cc	center.csize	pc1	pc2
1	ABTAO1	abtao	male	22.39	13.38	0.80653951	3.43	1	2	404.292264697357	1.85202591774521	1.13666666666667	1.6345757660572	0.0725567210962139	0.036346422838547
3	ABTAO11	abtao	male	26.3	16.82	0.781481481	5.61	1	2	572.916994295806	2.3685438564654	5.04666666666667	170.259305364507	0.0813786428190481	0.0522922896397358
4	ABTAO12	abtao	male	25.53	16.48	0.810690423	4.6	1	2	485.491503530185	2.14476105895272	4.27666666666667	82.8338145988857	0.0790208375607196	0.0236043993485699
5	ABTAO13	abtao	male	25.28	12.69	0.719546742	1.98	1	2	391.941472221375	1.40712472794703	4.02666666666667	-10.7162167099247	0.0234808415068874	0.042466166149156
6	ABTAO14	abtao	male	27.46	20.53	0.782934132	7.25	1	2	639.031344163594	2.69258240356725	6.20666666666667	236.373655232294	0.0797558021742976	0.0246896188663986
7	ABTAO15	abtao	male	22.42	15.99	0.71875	5.27	1	2	514.326744395039	2.2956480566498	1.16666666666667	111.66905546374	0.077208856307883	0.0171430526681769
8	ABTAO16	abtao	male	24.94	19.1	0.736928105	6.64	1	2	619.596642986387	2.57681974534503	3.68666666666667	216.938954055087	0.0828542236513736	0.0372004746929253
9	ABTAO17	abtao	male	25.12	17.99	0.723728814	5.32	1	2	569.977295729452	2.30651251893416	3.86666666666667	167.319606798152	0.0718859470737577	0.017819459360909
10	ABTAO18	abtao	male	21.79	15.35	0.749450549	4.12	1	2	484.389609836593	2.02977831301844	0.536666666666665	81.7319209052936	0.0476079466656251	0.0130371596224727
11	ABTAO19	abtao	male	20.61	10.6	0.724014337	1.33	1	2	316.734997787629	1.15325625946708	-0.643333333333334	-85.9226911436706	0.00285046903740336	0.0413153935542529
12	ABTAO2	abtao	male	25.69	15.8	0.792540793	4.53	1	2	483.454967791575	2.12837966537928	4.43666666666667	80.7972788602755	0.0747954495667488	0.039789483090364
13	ABTAO20	abtao	male	25.68	19.02	0.784511785	6.72	1	2	607.463191816397	2.59229627936314	4.42666666666667	204.805502885097	0.0727493458912818	0.00835428091646531
14	ABTAO21	abtao	male	34.8	25.72	0.704610951	13.22	1	2	839.425363672358	3.63593179253957	13.5466666666667	436.767674741058	0.119446983554789	0.0151537932842111
15	ABTAO22	abtao	male	31.47	18.81	0.815157116	6.57	1	2	642.751255518485	2.56320112359526	10.2166666666667	240.093566587185	0.103934819485467	0.0646545070971416
16	ABTAO24	abtao	male	15.24	9.272	0.982008368	0.81	1	2	217.494557065093	0.9	-6.01333333333333	-185.163131866206	0.0104516445066577	0.0448726963631281
17	ABTAO25	abtao	male	19.44	13.991	0.908572786	2.8	1	2	352.124142547349	1.67332005306815	-1.81333333333333	-50.5335463839505	0.0470016779708872	0.0569814564226322
18	ABTAO26	abtao	male	21.34	15.649	0.711174435	4.64	1	2	399.343873637451	2.1540659228538	0.086666666666666	-3.31381529384834	0.0825505643860539	0.0246432004398105
19	ABTAO27	abtao	male	19.21	12.228	0.888439306	2.44	1	2	304.53165584511	1.56204993518133	-2.04333333333333	-98.1260330861894	0.0671980019939502	0.0449120913179794
20	ABTAO28	abtao	male	17.61	11.763	0.783515074	1.1	1	2	274.18049014558	1.04880884817015	-3.64333333333333	-128.47719878572	0.0211705485992763	0.0156827879069234
21	ABTAO29	abtao	male	16.5	10.298	0.87456446	1.33	1	2	243.36730893615	1.15325625946708	-4.75333333333333	-159.29037999515	0.0406870915780464	0.0409075725545761
22	ABTAO3	abtao	male	16.73	10.67	0.647457627	1.61	1	2	319.385991810389	1.26885775404495	-4.52333333333333	-83.2716971209106	0.0245635418569252	0.0451021647242266
23	ABTAO30	abtao	male	15.29	8.976	0.957326892	0.82	1	2	214.867400970924	0.905538513813742	-5.96333333333333	-187.790287960375	0.0134782569736281	0.0551706544890836
24	ABTAO31	abtao	male	17.54	11.942	0.820010875	2.09	1	2	290.551200307278	1.4456832294801	-3.71333333333333	-112.106488624022	0.0331267665245824	0.0303876758101158
25	ABTAO32	abtao	male	18.89	13.004	0.757195186	1.97	1	2	319.632141503875	1.40356688476182	-2.36333333333333	-83.0255474274251	0.0177800608351579	0.0368570477263911
26	ABTAO33	abtao	male	17.55	11.305	0.868180385	1.33	1	2	270.179025615152	1.15325625946708	-3.70333333333333	-132.478663316148	0.00887404859817253	0.0412604323862366
27	ABTAO34	abtao	male	19.45	13.92	0.831232493	3.01	1	2	332.171642377853	1.73493515728975	-1.80333333333333	-70.4860465534471	0.0456399359149332	0.0215968213324672
28	ABTAO36	abtao	male	14.97	8.28	0.822566372	0.8	1	2	197.247530365513	0.894427190999916	-6.28333333333333	-205.410158565786	-0.0201524954110961	0.0310747572047598
29	ABTAO37	abtao	male	19.51	13.847	0.764275925	2.95	1	2	338.745609912946	1.71755640373177	-1.74333333333333	-63.9120790183532	0.0498951992829981	0.0467786681569492
30	ABTAO38	abtao	male	17.69	12.374	0.897139555	1.9	1	2	290.867667505345	1.37840487520902	-3.56333333333333	-111.790021425955	0.0338521935975271	0.0421314391583897
31	ABTAO39	abtao	male	16.29	9.568	0.971863118	1.37	1	2	236.087222167122	1.17046999107196	-4.96333333333333	-166.570466764177	0.0315920974527594	0.040962701665621
32	ABTAO40	abtao	male	16.51	11.43	0.859794498	1.45	1	2	264.859785324902	1.20415945787923	-4.74333333333333	-137.797903606398	0.00987854846499156	0.0505128599043114
33	ABTAO41	abtao	male	18.2	13.586	0.784938621	3.09	1	2	339.293730113183	1.75783958312469	-3.05333333333333	-63.3639588181164	0.0873772416980256	0.0365763599092306
34	ABTAO42	abtao	male	16.87	10.365	0.925692254	1.47	1	2	253.730519391318	1.21243556529821	-4.38333333333333	-148.927169539981	0.0443816758094035	0.0550317502103651
35	ABTAO44	abtao	male	16.02	10.493	0.869009585	1.3	1	2	237.78809152392	1.14017542509914	-5.23333333333333	-164.86959740738	0.0455407223216279	0.0293505550524831
36	ABTAO6	abtao	male	20.34	12.58	0.797101449	2.24	1	2	404.035088749946	1.49666295470958	-0.913333333333334	1.37739981864598	0.0275352653748013	0.0445301532626054
37	ABTAO7	abtao	male	31.36	23.04	0.738896366	7.93	1	2	756.989082212046	2.81602556806574	10.1066666666667	354.331393280746	0.0758413366251142	0.0110400803497652
38	ABTAO8	abtao	male	24.7	15.21	0.808421053	5.56	1	2	506.618896096813	2.35796522451032	3.44666666666667	103.961207165513	0.0948652185957718	0.0162658460352342
39	ABTAO9	abtao	male	27.23	17.53	0.738489871	5.06	1	2	562.181465365055	2.2494443758404	5.97666666666667	159.523776433755	0.0727639250169332	0.055357620941578
40	FABTAO6	abtao	male	14.92	8.878	0.901343409	1.2	1	2	205.582100388142	1.09544511501033	-6.33333333333333	-197.075588543158	0.0370463480038833	0.0119669858622664
87	FABTAO1	abtao	female	14.88	7.704	0.345690454	0.61	1	1	180.155814913255	0.781024967590665	-0.282558139534883	-1.08496755862635	-0.0379392301644679	0.0226216050307467
88	FABTAO10	abtao	female	16.94	8.718	0.419452275	0.63	1	1	195.845677541693	0.793725393319377	1.77744186046512	14.6048950698119	-0.0193576454665527	0.0364763290836112
89	FABTAO11	abtao	female	14.08	7.546	0.302994297	0.51	1	1	174.104431135961	0.714142842854285	-1.08255813953488	-7.13635133592018	-0.0631190372055226	0.0146761255455156
90	FABTAO12	abtao	female	16.34	9.023	0.305129165	0.64	1	1	203.402527603012	0.8	1.17744186046512	22.1617451311313	-0.0510386339657511	0.0286024283485855
91	FABTAO13	abtao	female	14.52	7.888	0.319309123	0.48	1	1	175.093252465146	0.692820323027551	-0.642558139534884	-6.14753000673437	-0.0699694676189794	0.0457791452637469
92	FABTAO15	abtao	female	13.34	6.977	0.284776572	0.43	1	1	156.461985610488	0.6557438524302	-1.82255813953488	-24.7787968613931	-0.0563551589618934	0.0191504783881157
93	FABTAO16	abtao	female	14.28	7.058	0.389146091	0.49	1	1	164.878208170188	0.7	-0.882558139534884	-16.3625743016931	-0.0558022616192228	0.0325819729406588
94	FABTAO17	abtao	female	13.68	7.067	0.405368392	0.5	1	1	160.36355754421	0.707106781186548	-1.48255813953488	-20.8772249276704	-0.0142280365864817	0.0064119860750921
95	FABTAO18	abtao	female	14.76	6.781	0.401215003	0.45	1	1	160.980086455729	0.670820393249937	-0.402558139534884	-20.2606960161514	-0.0644905913668388	0.0484462106793445
96	FABTAO19	abtao	female	15.9	8.373	0.362922064	0.62	1	1	183.95555729258	0.787400787401181	0.737441860465117	2.71477482069872	-0.0643542490439217	0.00524740346456131
97	FABTAO2	abtao	female	15.27	7.803	0.379498861	0.55	1	1	175.854552199856	0.741619848709566	0.107441860465116	-5.38623027202519	-0.034600602377641	0.0466931457956857
98	FABTAO20	abtao	female	16.69	8.882	0.388347584	0.74	1	1	206.573729894082	0.860232526704263	1.52744186046512	25.3329474222006	-0.0303018719899145	0.027831072987649
99	FABTAO21	abtao	female	15.48	7.92	0.327152318	0.55	1	1	175.81875694623	0.741619848709566	0.317441860465117	-5.42202552565044	-0.0565624779842566	0.027141642804056
100	FABTAO22	abtao	female	14.01	7.738	0.375026277	0.57	1	1	172.218397596158	0.754983443527075	-1.15255813953488	-9.02238487572322	-0.0506923403901962	0.0439050862021998
101	FABTAO23	abtao	female	16.35	8.689	0.37016346	0.62	1	1	186.50595322465	0.787400787401181	1.18744186046512	5.26517075276902	-0.0445332891089565	0.0651836536601586
102	FABTAO24	abtao	female	15.97	8.567	0.341487473	0.73	1	1	192.909305115124	0.854400374531753	0.807441860465117	11.6685226432431	-0.0477992196286553	0.0271756936498023
103	FABTAO25	abtao	female	16.41	8.938	0.368336993	0.63	1	1	200.431299657396	0.793725393319377	1.24744186046512	19.1905171855153	-0.0611208046628129	0.0487600102316205
104	FABTAO26	abtao	female	15.65	9.146	0.300693909	0.58	1	1	195.447600921276	0.761577310586391	0.487441860465117	14.2068184493951	-0.0524643667140425	0.0130981659005765
105	FABTAO27	abtao	female	15.55	8.597	0.373737374	0.62	1	1	188.678999111937	0.787400787401181	0.387441860465117	7.4382166400562	-0.0428301687356118	0.0407608568153913
106	FABTAO28	abtao	female	14.06	7.334	0.398728215	0.56	1	1	178.609992474567	0.748331477354788	-1.10255813953488	-2.63078999731434	-0.0348909623877142	0.0620255308955961
107	FABTAO29	abtao	female	16.35	8.239	0.390243902	0.63	1	1	196.717474327733	0.793725393319377	1.18744186046512	15.4766918558523	-0.0620602010537089	0.0400493304281984
108	FABTAO3	abtao	female	14.73	7.758	0.337551772	0.53	1	1	174.648217855207	0.728010988928052	-0.432558139534883	-6.59256461667343	-0.0312214063957616	0.00959609151246258
109	FABTAO30	abtao	female	14.95	8.152	0.334303534	0.49	1	1	172.845391641677	0.7	-0.212558139534885	-8.39539083020387	-0.0711464715289034	0.00728285185907044
110	FABTAO31	abtao	female	14.62	8.204	0.362350381	0.62	1	1	186.351975636239	0.787400787401181	-0.542558139534885	5.11119316435813	-0.0569348753700675	0.0200739274755932
111	FABTAO32	abtao	female	13.12	7.236	0.369893538	0.5	1	1	168.654188486731	0.707106781186548	-2.04255813953488	-12.5865939851503	-0.0347453257024577	0.0393776472277738
112	FABTAO33	abtao	female	14.28	7.608	0.370430356	0.57	1	1	167.580007230962	0.754983443527075	-0.882558139534884	-13.6607752409185	-0.054974311755923	0.0393609862855253
113	FABTAO34	abtao	female	14.58	7.867	0.368092692	0.37	1	1	182.771795996441	0.608276253029822	-0.582558139534884	1.53101352456031	-0.0498712301585922	0.0271487769622206
114	FABTAO35	abtao	female	14.79	7.754	0.346482577	0.5	1	1	175.429556836255	0.707106781186548	-0.372558139534885	-5.81122563562619	-0.0616367620779871	0.048294853132553
115	FABTAO36	abtao	female	17.68	10.104	0.34268358	0.78	1	1	211.65454651111	0.883176086632785	2.51744186046512	30.4137640392289	-0.0644940492074327	0.0260424053492148
116	FABTAO37	abtao	female	18.18	9.745	0.299912816	0.81	1	1	214.629365898244	0.9	3.01744186046512	33.3885834263633	-0.0387997135531501	0.0244456403167988
117	FABTAO38	abtao	female	15.05	8.34	0.304684318	0.59	1	1	153.438242031272	0.768114574786861	-0.112558139534883	-27.8025404406093	-0.0219499934825638	0.0230443094376088
118	FABTAO39	abtao	female	13.38	7.307	0.310311519	0.35	1	1	166.979040600909	0.591607978309962	-1.78255813953488	-14.2617418709719	-0.0412141147927729	0.0366565455706575
119	FABTAO4	abtao	female	14.43	7.297	0.344810379	0.46	1	1	166.563536720093	0.678232998312527	-0.732558139534884	-14.6772457517875	-0.0612754767026264	0.0120062921494808
120	FABTAO40	abtao	female	15.25	8.204	0.377949283	0.48	1	1	197.282419239973	0.692820323027551	0.0874418604651162	16.0416367680921	-0.0378236848254616	0.0220906966320577
121	FABTAO41	abtao	female	16.96	9.259	0.322027214	0.55	1	1	207.273902332723	0.741619848709566	1.79744186046512	26.0331198608424	-0.0386741084082137	0.012706694218733
122	FABTAO42	abtao	female	13.67	7.149	0.336757705	0.35	1	1	161.681604323035	0.591607978309962	-1.49255813953488	-19.5591781488454	-0.0534015059653302	0.0324288986270982
123	FABTAO43	abtao	female	17.69	9.322	0.376286765	0.78	1	1	208.53607390005	0.883176086632785	2.52744186046512	27.295291428169	-0.0407556200577717	0.0213004871094477
124	FABTAO44	abtao	female	15.55	8.423	0.364087525	0.64	1	1	184.403011331798	0.8	0.387441860465117	3.16222885991732	-0.0155453327745529	0.0042706583068537
125	FABTAO45	abtao	female	13.8	7.151	0.37283237	0.46	1	1	156.261846609729	0.678232998312527	-1.36255813953488	-24.9789358621522	-0.0365351775393432	0.0201483955576572
126	FABTAO5	abtao	female	16.91	9.013	0.323772028	0.57	1	1	206.14072862974	0.754983443527075	1.74744186046512	24.8999461578589	-0.0693251695063635	0.0192502645587069
127	FABTAO7	abtao	female	13.83	7.348	0.340903419	0.38	1	1	165.438810440598	0.616441400296898	-1.33255813953488	-15.8019720312832	-0.0660650636658149	0.0363791973253736
128	FABTAO8	abtao	female	13.42	7.624	0.344605475	0.37	1	1	167.071312706316	0.608276253029822	-1.74255813953488	-14.1694697655645	-0.0447115616273171	0.0154631634676244
129	FABTAO9	abtao	female	14.61	8.026	0.361150401	0.58	1	1	172.710911130506	0.761577310586391	-0.552558139534884	-8.52987134137524	-0.0346931396193571	0.0209197080571919
170	LF10	longirostri	female	19.51	11.46	0.705263158	1.76	2	1	265.439258588476	1.32664991614216	1.30622222222222	23.441614178877	-0.017760753389304	-0.0292567986295778
171	LF11	longirostri	female	18.7	11.11	0.680412371	1.3	2	1	237.405584948429	1.14017542509914	0.496222222222222	-4.59205946116998	-0.0279465717990149	-0.0199260583276405
172	LF13	longirostri	female	17.08	10.61	0.74368231	1.51	2	1	236.947251513918	1.22882057274445	-1.12377777777778	-5.05039289568109	-0.025062378900542	-0.0195273530086902
173	LF14	longirostri	female	16.09	9.17	0.690909091	0.88	2	1	199.110965219368	0.938083151964686	-2.11377777777778	-42.8866791902316	-0.0293869874931766	-0.0331684048068721
174	LF15	longirostri	female	16.44	9.56	0.756756757	1.17	2	1	206.354349716837	1.0816653826392	-1.76377777777778	-35.6432946927619	-0.0162432476939574	-0.0342281958270978
175	LF16	longirostri	female	15	8.35	0.66	0.77	2	1	175.296723233695	0.877496438739212	-3.20377777777778	-66.7009211759045	-0.0379552759273402	-0.028240214110175
176	LF17	longirostri	female	17.47	9.49	0.688461538	1.12	2	1	205.724544562126	1.05830052442584	-0.733777777777778	-36.2730998474734	-0.0316290335725931	-0.0300603627695817
177	LF18	longirostri	female	19.51	10.98	0.686006826	1.72	2	1	248.656152855587	1.3114877048604	1.30622222222222	6.65850844598799	-0.023772996254665	0.00792183650908066
178	LF19	longirostri	female	18.77	10.18	0.651340996	1.38	2	1	227.438679518626	1.17473401244707	0.566222222222223	-14.5589648909728	-0.0362575908981161	-0.0219119947152937
179	LF2	longirostri	female	17.62	9.91	0.676348548	1.07	2	1	223.486017459706	1.03440804327886	-0.583777777777776	-18.5116269498933	-0.0545427141547977	-0.0308942437681265
180	LF20	longirostri	female	18.25	10.15	0.6796875	1.15	2	1	218.559993109982	1.07238052947636	0.0462222222222231	-23.4376512996175	-0.0621490761466348	-0.0169206088637322
181	LF21	longirostri	female	22.65	13.01	0.679878049	2.03	2	1	287.881307241063	1.4247806848775	4.44622222222222	45.8836628314641	-0.00900945356794156	-0.0434806019258241
182	LF22	longirostri	female	24.73	14.67	0.72	2.84	2	1	318.248885215921	1.68522995463527	6.52622222222222	76.2512408063217	-0.0157918269316821	-0.0367418154647854
183	LF23	longirostri	female	20.62	12.411	0.935957305	1.55	2	1	282.794666727313	1.24498995979887	2.41622222222222	40.7970223177132	-0.0105236338641705	-0.0280871562193929
184	LF24	longirostri	female	15.91	9.571	0.902960526	1.18	2	1	211.309363396002	1.08627804912002	-2.29377777777778	-30.6882810135975	-0.00785291974579398	-0.0244511325200314
185	LF25	longirostri	female	20.41	11.974	0.895833333	1.71	2	1	265.925686213715	1.3076696830622	2.20622222222222	23.9280418041159	-0.0119202919389397	-0.0381113253917458
186	LF26	longirostri	female	18.5	11.983	0.938247656	1.65	2	1	244.447275681762	1.28452325786651	0.296222222222223	2.44963127216261	0.00103316559049864	-0.0253851116255805
187	LF27	longirostri	female	15	10.578	0.788602941	0.96	2	1	218.582599813381	0.979795897113271	-3.20377777777778	-23.4150445962187	-0.0537323442359946	-0.0430563166963122
188	LF28	longirostri	female	18.26	10.943	0.938733833	1.3	2	1	250.146074971264	1.14017542509914	0.0562222222222246	8.14843056166509	0.0258993230816555	-0.0239883394536057
189	LF29	longirostri	female	18.45	12.214	0.871873929	1.93	2	1	267.014650402205	1.38924439894498	0.246222222222222	25.0170059926057	0.0142541224200109	-0.045919547093287
190	LF3	longirostri	female	17.46	9.63	0.675105485	1.22	2	1	218.982943198243	1.10453610171873	-0.743777777777776	-23.0147012113568	-0.0366017408049357	-0.0506815634944612
191	LF30	longirostri	female	17.42	9.144	0.779824194	1.09	2	1	200.47795830142	1.04403065089106	-0.783777777777775	-41.5196861081793	-0.0407100916490429	-0.000751793926355351
192	LF31	longirostri	female	18.24	11.82	0.95998632	1.83	2	1	267.437953221919	1.35277492584687	0.0362222222222215	25.4403088123199	0.019344778446422	-0.036552423538966
193	LF32	longirostri	female	19.26	11.431	0.999	1.4	2	1	250.110563786592	1.18321595661992	1.05622222222222	8.11291937699303	-0.00852094241228841	-0.0456469818105999
194	LF33	longirostri	female	17.13	10.858	0.864319765	1.44	2	1	245.157332435844	1.2	-1.07377777777778	3.15968802624451	-0.0041020115460532	-0.0432266630320424
195	LF34	longirostri	female	16.44	13.584	0.911201757	2.09	2	1	292.141182629624	1.4456832294801	-1.76377777777778	50.1435382200247	-0.00776021621623268	-0.0501501880256022
196	LF35	longirostri	female	18.06	10.82	0.936725096	0.82	2	1	227.745471963769	0.905538513813742	-0.143777777777778	-14.25217244583	-0.0370471565099201	-0.0397442259032691
197	LF36	longirostri	female	19.18	9.784	0.858645351	0.85	2	1	221.131847814029	0.921954445729289	0.976222222222223	-20.8657965955699	-0.0508897985836387	-0.0139340178027441
198	LF37	longirostri	female	18.71	12.129	0.802485724	2.03	2	1	272.556955731544	1.4247806848775	0.506222222222224	30.5593113219451	-0.00294309273710039	-0.0528814827259225
199	LF38	longirostri	female	17.8	11.352	0.883801462	2.09	2	1	251.813656593638	1.4456832294801	-0.403777777777776	9.81601218403907	0.0139146667494286	-0.0637410141308018
200	LF39	longirostri	female	16.28	10.044	0.925135764	0.88	2	1	217.608390841681	0.938083151964686	-1.92377777777778	-24.3892535679181	-0.018118582773668	-0.0186746985332251
201	LF4	longirostri	female	18.73	11.02	0.711340206	1.18	2	1	245.27655459765	1.08627804912002	0.526222222222223	3.27891018805101	-0.0511039288943465	-0.0215126583261502
202	LF40	longirostri	female	18.01	10.829	0.887831946	1.53	2	1	250.20180090573	1.2369316876853	-0.193777777777775	8.20415649613079	-0.0174562914298507	-0.0415372444342627
203	LF41	longirostri	female	17.21	11.325	0.955830389	1.6	2	1	254.27150843144	1.26491106406735	-0.993777777777776	12.273864021841	-0.00597718322779878	-0.0180317204908767
204	LF42	longirostri	female	19.7	12.837	0.909425134	1.64	2	1	281.396726432734	1.28062484748657	1.49622222222222	39.3990820231345	0.0214237893740746	-0.0267196653633011
205	LF43	longirostri	female	17.83	11.601	0.795509499	0.98	2	1	254.013663365715	0.989949493661167	-0.373777777777779	12.0160189561153	-0.0275514455970751	-0.0538990960617176
206	LF44	longirostri	female	16.7	11.162	0.880829016	1.15	2	1	226.409051991146	1.07238052947636	-1.50377777777778	-15.5885924184534	-0.0250037962028097	-0.0468627342318803
207	LF45	longirostri	female	18.17	9.707	0.824013871	0.73	2	1	214.786076884721	0.854400374531753	-0.0337777777777752	-27.211567524878	-0.0575545672663191	-0.028651919478756
208	LF46	longirostri	female	17.68	10.834	0.792605634	1.32	2	1	242.409716365156	1.14891252930761	-0.523777777777777	0.412071955556542	-0.0130100468083498	-0.0419156186611539
209	LF47	longirostri	female	18.65	12.515	0.845763723	1.64	2	1	272.995798286994	1.28062484748657	0.446222222222222	30.9981538773944	0.016749671741748	-0.0288553587275071
210	LF5	longirostri	female	19.1	10.87	0.719723183	1.44	2	1	253.022435647862	1.2	0.896222222222224	11.0247912382627	-0.033362438856576	-0.0253231993656787
211	LF6	longirostri	female	19.08	10.54	0.764044944	1.25	2	1	248.285414510848	1.11803398874989	0.876222222222221	6.28777010124855	-0.018519658549138	-0.0242625326235297
212	LF7	longirostri	female	18.5	10.32	0.643122677	1.03	2	1	222.316414678031	1.01488915650922	0.296222222222223	-19.6812297315685	-0.0399138086191404	-0.0180000293419232
213	LF8	longirostri	female	17.57	10.08	0.703703704	1.24	2	1	236.402199651357	1.113552872566	-0.633777777777777	-5.59544475824239	-0.0178040185257784	-0.0192391568650622
214	LF9	longirostri	female	17.29	10.08	0.656126482	1.13	2	1	232.172349774903	1.06301458127346	-0.913777777777778	-9.82529463469606	-0.0281786187152582	-0.0262074230934155
215	MG1	longirostri	male	24.64	16.47	0.834841629	3.09	2	2	444.717623561156	1.75783958312469	2.63854166666667	0.22404832952509	-0.00265675856104261	-0.0277640700746812
216	MG12	longirostri	male	26.44	19.91	0.895437262	7.58	2	2	628.265305518017	2.75317997958724	4.43854166666667	183.771730286386	0.037912166901609	-0.0411512628926905
217	MG14	longirostri	male	26.19	21.16	0.859744991	6.96	2	2	614.297781784927	2.63818119165458	4.18854166666667	169.804206553296	0.0122227587969653	-0.034378152245704
218	MG15	longirostri	male	26.06	20.96	0.838899804	8.07	2	2	610.983873860552	2.84077454226836	4.05854166666667	166.490298628921	0.0424602525398956	-0.0510241728103019
219	MG16	longirostri	male	25.65	22.51	0.84501845	7.74	2	2	652.726138410824	2.78208554864871	3.64854166666667	208.232563179192	0.0320982204162202	-0.0310489708965652
220	MG17	longirostri	male	24.37	18.9	0.833679834	6.83	2	2	581.845643569819	2.6134268690744	2.36854166666667	137.352068338187	0.0200302252736027	-0.0438703196240516
221	MG18	longirostri	male	22.44	18.6	0.879828326	5.87	2	2	551.394808911108	2.42280828791714	0.438541666666669	106.901233679477	0.0306837625883629	-0.0290430764244686
222	MG19	longirostri	male	22.6	19.08	0.802020202	5.57	2	2	544.641058269519	2.36008474424119	0.598541666666669	100.147483037887	0.0133479411233413	-0.0234803866021757
223	MG2	longirostri	male	25.53	23.08	0.959409594	7.89	2	2	609.086876832371	2.80891438103763	3.52854166666667	164.59330160074	0.0351784221172466	-0.0430554137339963
224	MG20	longirostri	male	25.91	19.84	0.819767442	6.43	2	2	580.775343829264	2.53574446662119	3.90854166666667	136.281768597633	0.0329624139528423	-0.0282226254427289
225	MG21	longirostri	male	22.36	18.308	0.928527164	5.24	2	2	419.34921569723	2.28910462845192	0.358541666666667	-25.1443595344008	0.0667524019166879	-0.0200189134983209
226	MG22	longirostri	male	18.83	15.957	0.908113392	2.95	2	2	354.075764574227	1.71755640373177	-3.17145833333333	-90.4178106574041	-0.00303041529166897	-0.0379879005980697
227	MG23	longirostri	male	20.08	16.147	0.875884956	4.19	2	2	385.164899750743	2.04694894904587	-1.92145833333333	-59.3286754808881	0.0392658316411977	-0.0172202418129923
228	MG24	longirostri	male	18.75	16.621	0.823824302	3.34	2	2	366.568988772116	1.82756668824971	-3.25145833333333	-77.9245864595152	0.00897850928374411	-0.0446183937668518
229	MG25	longirostri	male	20.89	16.098	0.7860949	2.52	2	2	359.106571106357	1.58745078663875	-1.11145833333333	-85.3870041252747	-0.00565203257615742	-0.0126978817290637
230	MG26	longirostri	male	22.07	18.671	0.999	6.35	2	2	432.166498415762	2.51992063367083	0.0685416666666683	-12.3270768158688	0.0590541769574888	-0.024013309947621
231	MG27	longirostri	male	21.09	17.502	0.904815482	3.76	2	2	385.867090802916	1.93907194296653	-0.911458333333332	-58.6264844287152	0.0181381153847603	-0.0368439699648413
232	MG28	longirostri	male	22.65	18.742	0.87609957	5.04	2	2	434.610170152517	2.24499443206436	0.648541666666667	-9.88340507911403	0.0298118985561063	-0.00177798747785692
233	MG29	longirostri	male	18.25	13.098	0.920367534	2.21	2	2	299.323747608426	1.48660687473185	-3.75145833333333	-145.169827623205	-0.00757793108482902	-0.0185350003842109
234	MG3	longirostri	male	28.34	24.46	0.851851852	9.26	2	2	671.231002579238	3.04302481094059	6.33854166666667	226.737427347607	0.0261364231075295	-0.0429375340202054
235	MG30	longirostri	male	19.75	14.621	0.907256004	2.37	2	2	305.042523554456	1.53948043183407	-2.25145833333333	-139.451051677176	0.0131464482396595	0.00406903701803624
236	MG31	longirostri	male	20.65	17.699	0.951153324	5.05	2	2	408.637621716788	2.24722050542442	-1.35145833333333	-35.855953514843	0.0255963595071177	-0.00742551982682567
237	MG32	longirostri	male	23.17	19.81	0.951751251	5.38	2	2	451.434966979481	2.31948270094864	1.16854166666667	6.94139174784931	0.0317939611274745	-0.0247322539454121
238	MG33	longirostri	male	20.65	15.867	0.877052818	3.55	2	2	344.777336500974	1.88414436814168	-1.35145833333333	-99.7162387306573	0.0225651067882086	-0.0396732952922733
239	MG34	longirostri	male	22.4	18.834	0.90354368	6.41	2	2	423.412328587631	2.53179778023443	0.398541666666667	-21.0812466440003	0.050319616438822	-0.0386001335702
240	MG36	longirostri	male	22.74	20.53	0.933894804	6.86	2	2	495.149294182484	2.61916017074176	0.738541666666666	50.6557189508524	0.0724734790953094	-0.0294084856343021
241	MG37	longirostri	male	22.09	20.157	0.797442167	6.57	2	2	458.977636261545	2.56320112359526	0.0885416666666679	14.484061029914	0.0541754507300805	-0.0376415484018285
242	MG38	longirostri	male	20.57	19.533	0.883314753	6.53	2	2	451.123303869483	2.55538646783613	-1.43145833333333	6.62972863785149	0.0497555392091511	-0.029680587731948
243	MG39	longirostri	male	21.85	17.018	0.871395001	3.97	2	2	380.144554548584	1.99248588451713	-0.151458333333331	-64.3490206830475	0.0112027094064827	-0.0166266435771166
244	MG4	longirostri	male	25.69	19.61	0.876767677	6.32	2	2	578.895804908946	2.51396101799531	3.68854166666667	134.402229677315	0.0334370502635859	-0.0261825580904407
245	MG40	longirostri	male	19.25	12.559	0.859352203	1.86	2	2	267.634737919382	1.36381816969859	-2.75145833333333	-176.858837312249	0.023753132845768	0.00396394832276492
246	MG41	longirostri	male	18.35	12.88	0.951861944	1.66	2	2	289.145597356398	1.28840987267251	-3.65145833333333	-155.347977875233	0.0173461860728397	-0.0120984011495095
247	MG43	longirostri	male	20.6	15.409	0.936046512	3.31	2	2	352.567223460752	1.81934053986603	-1.40145833333333	-91.9263517708797	0.00420051883953905	-0.0118096369051236
248	MG5	longirostri	male	26.31	20.12	0.823770492	6.7	2	2	585.609888216098	2.58843582110896	4.30854166666667	141.116312984467	0.0469368465782139	-0.0398647386219339
249	MG6	longirostri	male	29.55	22.7	0.908921933	8.76	2	2	686.401357464721	2.95972971738975	7.54854166666667	241.90778223309	0.0350758709939222	-0.0353330840329612
250	MG8	longirostri	male	26.46	21.96	0.911417323	9.79	2	2	673.323102232502	3.1288975694324	4.45854166666667	228.82952700087	0.0458236669569991	-0.0311681508618857
251	MG9	longirostri	male	27.44	20.75	0.861742424	8.01	2	2	665.203286044729	2.83019433961698	5.43854166666667	220.709710813098	0.0561464992797989	-0.021125425398117
252	MM1	longirostri	male	21.06	15.35	0.849604222	3.01	2	2	439.488606557801	1.73493515728975	-0.941458333333333	-5.00496867383021	0.0127283386349798	-0.0182250738568471
253	MM7	longirostri	male	19.73	12.03	0.727574751	1.87	2	2	339.442276128843	1.36747943311773	-2.27145833333333	-105.051299102789	0.000733018835716252	-0.0296287062799013
254	MM8	longirostri	male	21.46	15.95	0.793281654	3.87	2	2	453.752459076143	1.9672315572906	-0.541458333333331	9.25888384451196	0.0189647064562181	-0.0181365516190902
255	MM9	longirostri	male	19.48	11.93	0.720394737	1.72	2	2	338.090485625651	1.3114877048604	-2.52145833333333	-106.403089605981	-0.0144215064675361	-0.0236370237006772
256	MP1	longirostri	male	17.37	9.95	0.857740586	1.17	2	2	272.999245851145	1.0816653826392	-4.63145833333333	-171.494329380486	-0.0127210768815149	-0.0125336255266608
257	MP12	longirostri	male	16.22	9.82	0.844827586	1.03	2	2	260.667694697336	1.01488915650922	-5.78145833333333	-183.825880534295	-0.0116890421014031	-0.0147241498274998
258	MP15	longirostri	male	18.85	11.83	0.709923664	1.51	2	2	323.207818775547	1.22882057274445	-3.15145833333333	-121.285756456084	-0.0250309854303003	0.00741450377958122
259	MP17	longirostri	male	16.99	10.06	0.708171206	1.07	2	2	280.135891393907	1.03440804327886	-5.01145833333333	-164.357683837724	-0.038211325572443	-0.0192332369179011
260	MP3	longirostri	male	18.48	12.41	0.757575758	1.62	2	2	321.39566965127	1.27279220613579	-3.52145833333333	-123.097905580361	0.00232561031794189	-0.0338878150484118
261	MP4	longirostri	male	16.87	9.61	0.704724409	0.95	2	2	258.242703900124	0.974679434480896	-5.13145833333333	-186.250871331507	-0.0456758964184095	-0.00726420623570366
262	MP5	longirostri	male	18.9	10.92	0.741610738	1.3	2	2	304.58979164849	1.14017542509914	-3.10145833333333	-139.903783583141	-0.0179812429655773	-0.00940714407001248
